6303
32
6108
7651
103
6100
8778
7725
674
4878
9069
9978
6568
3417
8047
8926
8382
2662
5993
6245
2158
6943
7819
5797
295
8069
2478
8135
9409
4076
7284
3988
2860
1530
8868
2651
2579
904
4372
6726
9820
8862
1896
106
9598
4802
3983
1399
1195
6615
8774
6634
2217
9770
1473
9417
970
3707
2892
9458
959
7724
3928
1842
4681
9581
9219
692
234
8987
4711
2941
7735
3775
6519
3699
6549
1778
7745
8663
6658
1650
5039
5144
3824
7487
2185
9648
3858
5453
2106
8347
7804
6878
7895
3261
6564
271
1741
6945
5606
7673
1076
743
5446
4886
7109
426
7559
9786
9503
8041
7904
4027
104
2335
819
8791
6727
1172
7659
2266
2713
6182
5081
7458
3837
9443
7061
4159
8884
9213
8507
256
2680
3695
3182
7977
1216
6863
1004
371
6689
1873
7874
7318
1864
6111
3256
5459
6573
7789
303
8024
4984
8166
2460
2526
6423
3099
4649
5097
13
601
4381
8783
4480
7856
8040
1892
6042
6758
2566
2531
3841
4712
4583
2484
3272
4414
2125
7211
6103
1510
1716
5496
8993
7323
2594
4114
8102
5910
6828
3979
7506
7802
9045
9843
3159
655
9889
6256
7051
4310
456
1672
3742
777
477
5370
1598
2557
1091
5790
8686
9188
3566
6945
6788
8802
6441
4324
9365
9944
5464
8321
5981
6878
4868
6960
5062
4797
7836
6775
6213
5928
8372
7960
9104
8943
6211
419
3689
9453
2877
6575
2768
1062
4720
2863
7679
1743
3245
5946
4694
3530
1947
1629
4926
3614
4625
5947
9306
2589
5886
7758
2142
572
828
8214
1122
614
4121
6222
8968
2607
8278
3088
2789
4548
9922
7467
6102
9715
3316
3131
3158
7097
8338
806
7365
247
2041
4365
5661
2889
3960
1480
100
5043
3648
630
1458
5646
3675
7984
6930
8736
8064
5151
3663
8647
6416
5592
2687
7321
7209
8402
1316
627
1339
409
4030
8579
3930
3632
9706
4302
5825
6551
555
6348
4917
7189
8499
6599
8146
6588
1094
7232
6981
9638
9151
2265
7730
5977
2095
9852
248
1014
5918
323
982
5755
6278
1694
6524
3279
9393
3503
6855
5088
8188
364
9913
3031
6835
3113
5282
9389
8605
6133
1699
4279
3522
3339
1770
7380
8943
1376
7300
5708
3612
8773
7763
2669
9862
413
3043
4298
998
4715
7798
3355
1984
4884
8360
6576
5437
1442
1266
5599
8167
5213
767
9603
2190
8525
59
2320
4595
2831
6181
8985
5342
7057
7439
6768
8895
1716
1903
1183
2827
6464
989
5570
2473
612
4924
2996
748
6892
7607
9718
4703
7229
7804
1835
9531
2065
9955
3972
6035
1975
6109
2996
2100
2734
2175
5049
5099
9316
3044
4024
3552
8713
7536
5659
7165
5946
8637
7570
9677
2269
7861
77
5734
5652
5747
6188
2129
6254
2009
4799
6973
8671
8876
566
3136
9853
5229
6792
1107
9227
8522
4915
2348
2974
7530
1676
8749
2119
771
2644
7052
5103
8954
1703
2170
9968
2059
4091
2499
7823
9839
6771
2110
8771
2753
584
793
8818
3807
5213
9172
1073
7045
9038
4844
8432
69
1802
2847
128
4137
4150
2360
4723
3488
7545
816
5997
2681
7207
8491
8528
1107
7838
1291
8872
4206
683
5712
1611
4763
2985
5051
730
4140
1492
1034
3825
1318
6624
83
4119
3515
5332
5921
5878
1369
1425
6050
4303
4733
4395
7888
5834
3220
7071
7679
4743
8301
2656
1213
880
9028
7905
7604
6639
6279
6702
7889
9686
2346
4934
3508
5312
2347
3271
4992
6512
3967
1534
7969
126
2471
8949
5035
1151
3390
3241
4319
7194
2918
5148
5715
1777
1528
1749
2615
6878
9244
1040
160
8818
2755
9852
6944
5843
6137
12
5158
5040
9211
3695
8400
3738
6508
3904
1946
7943
6790
9253
9376
4523
6313
2532
8444
3437
1945
1320
5542
525
6599
8197
1549
2058
9329
6109
5194
4278
4206
3867
8949
4408
7864
4788
2648
792
4596
318
1392
5434
7613
8014
6029
1553
8869
8343
6587
4730
5755
1441
7166
8572
4457
1724
8893
8843
8813
4675
8282
1659
3810
403
5178
1265
2721
7567
4369
923
5852
3209
5881
352
3743
4290
7295
5411
1965
4517
1742
9935
6283
8721
664
970
8285
4276
6777
4135
9769
6256
6339
8938
5497
382
4487
8059
6179
2475
9091
6232
7401
8536
8187
3001
4979
4254
5180
1751
8060
2005
4972
427
1843
8685
2675
5822
5372
9357
1907
7626
6748
6927
3343
1794
889
5138
8144
9441
5943
9115
6187
2661
5288
8364
6535
9118
4098
8111
6148
1936
346
6316
2639
2738
1187
8972
5541
6158
9974
1341
2849
5532
9575
1390
5022
1169
3552
5815
6325
6271
1336
9633
7921
2884
7559
306
5907
6286
6916
9830
1049
4049
8621
7072
7171
4108
3840
6945
840
7094
7113
9306
628
636
4560
9478
5976
685
462
4254
9148
2575
6323
8325
5003
7187
6059
3213
2015
2107
6745
7628
669
8440
6630
8150
1782
3714
1991
4319
2566
7907
243
1526
7749
2947
2659
6359
6354
141
6204
5899
4110
2157
8422
1843
6058
4903
2079
1588
897
4378
5001
7143
9653
6224
9380
9809
5987
8811
6862
600
50
9195
8098
1426
2164
5118
4114
6577
1315
5881
3651
2258
5747
2325
6712
2309
4334
1878
7495
5514
2230
5481
2491
7417
8537
5539
4028
9156
4587
9303
8624
7069
1720
8587
3713
5512
5335
9408
6071
3714
3713
5859
6488
2477
8670
5116
2243
8039
4550
6740
3353
7616
2370
2671
7327
4811
6180
8253
1311
5856
5385
6533
1910
8981
654
7127
1524
8333
7137
3259
6059
4732
7691
4864
6621
5263
5235
1399
8392
436
1084
4794
9127
2766
3145
8938
8305
1353
9582
7107
4415
9932
1941
8474
1643
9536
7
1493
6005
5099
5983
720
7948
934
429
3162
3683
3247
3323
2577
9499
3146
4136
8071
4687
8150
3644
1728
4172
4202
7416
6057
9002
6215
5954
1687
292
8428
4199
1286
9700
8431
1486
810
4352
5147
6146
64
3924
9195
3076
68
4804
1799
7161
5118
9579
8318
8689
9546
6028
1056
9980
8910
761
1743
2499
6783
7546
3853
2749
1143
1600
300
8401
9060
1633
7144
1413
4447
146
7463
6519
3949
580
5964
9119
7627
1154
3896
7173
4946
13
3948
7385
444
8663
4203
4793
2836
2420
3886
338
3848
9576
3762
6700
3778
6446
4553
2109
5825
9758
8920
7419
577
9366
3535
6352
9056
2062
6736
985
5756
6149
4142
117
4786
921
3127
4607
3289
6951
8329
7436
6229
4084
3153
979
7390
3142
5948
9012
4809
544
6554
510
3686
5405
5693
7161
1115
7390
8878
2777
6624
2418
8609
1264
1279
5069
7192
8661
157
5358
1278
8805
7780
7425
9811
1340
9486
3163
4294
3335
3875
9714
2527
3425
2196
4991
7521
7055
595
3837
6831
8573
4204
6657
2060
8888
7929
7115
6757
3691
5630
6682
6471
7785
2333
8105
4121
2085
2852
8006
1334
7031
4977
9097
2050
87
2666
9920
6256
6479
1290
315
409
2486
1014
6609
8804
3661
5068
5042
3544
8061
6588
4363
280
7604
8718
2719
4685
5477
460
1264
2996
2359
1594
3375
6653
390
7173
2886
7793
5870
4879
5299
8717
3571
18
1565
1869
858
7249
2360
9970
3759
8964
5664
9163
8911
4569
2451
3390
2247
6783
742
1086
6776
7183
7683
4146
9673
3824
1108
6452
7529
2937
8645
9441
9495
5168
1952
1303
2502
387
7748
5335
2283
626
951
5158
7454
2548
7754
9573
4223
184
3996
1862
6028
6936
4888
1697
9721
7077
6185
9410
2496
6252
2033
4292
2440
5998
1545
8690
532
445
1863
4271
623
221
4617
5596
3366
3370
153
2885
6088
9197
825
6011
4627
1156
2228
3214
4015
2597
3092
3504
5808
2850
7502
2734
9177
7860
9488
5464
9595
9752
7410
3390
8976
9838
8509
4927
1023
506
2080
9059
7987
4000
1915
9987
6193
2182
6730
1457
6736
9630
4608
4122
7086
4262
2224
2031
1783
4627
746
2285
7510
201
917
6700
1069
8053
4563
5910
6386
8993
2374
1482
9444
168
3730
1497
7925
8375
2417
1544
1226
9407
3467
3611
5043
1862
7970
3625
1198
3784
6342
4979
7825
2761
5939
4619
1866
1662
2955
1833
4225
3829
6790
7847
1972
260
865
6310
6644
4487
652
3552
8510
5400
283
7104
8141
9271
9901
7049
4891
1495
812
5570
6161
8619
6601
5284
7585
7915
9719
2216
8696
5289
8377
4593
5970
4897
4954
3662
9122
7448
2808
9081
2097
5418
2248
2677
28
8544
8789
1312
5592
1769
8150
7182
344
7199
1080
4224
9744
3625
4215
8474
360
334
6752
4987
3033
7675
2839
1995
5140
9299
6029
4990
7492
5837
5656
8097
469
9115
5137
6350
4734
6924
5128
3945
1620
6773
6251
7636
2623
5707
7445
8740
2862
7476
6705
7456
7345
6118
5993
5
8343
1686
6115
3792
979
2546
9452
4480
2802
8302
5126
8712
9565
7231
827
2270
9143
6984
7648
2136
1936
5789
553
7609
458
7658
9775
8895
1656
9491
9073
7352
9548
3689
248
3434
2445
7656
2084
1165
7053
9452
7390
6154
5400
4026
5711
6601
3389
5058
2637
6534
9473
2575
1812
8930
1085
7833
6641
8077
1941
8998
1069
2951
2930
2209
5832
3520
3001
7770
2514
1177
7833
7923
8616
3501
5584
4654
9174
2668
8715
5583
7726
9120
3186
3618
5783
4852
4365
1647
8733
7672
4118
3431
2284
9189
4495
5444
5596
4624
9391
6859
3407
7319
2191
5132
1903
8513
5527
8268
8612
18
5192
9927
6689
7459
4486
5020
5129
9328
2361
914
7898
4192
2767
8645
9259
1436
2516
6835
4006
6552
2736
9700
7939
4886
7256
1667
2782
8934
7672
7746
8523
200
8528
835
8948
8362
1775
8016
3142
274
9436
5469
9713
5710
8182
1876
704
6586
2137
8849
8807
2126
6095
3269
6165
9678
5139
5775
2839
6494
5640
1032
9807
9633
1700
2363
2611
6257
394
6138
188
5802
9261
8610
7832
1912
3709
7508
5538
1811
3451
2226
3898
6353
6125
5310
2649
1032
5020
6828
10000
4742
3541
867
1417
6459
3728
2458
4226
6841
8781
8575
8738
3601
5134
4925
5048
7771
5451
8585
1030
5527
8147
5821
4886
5818
2869
824
7629
7204
8262
3975
6823
689
1418
126
7798
3333
2916
8254
8153
2549
6552
5918
5135
7608
6822
4340
8643
2313
1308
3762
1198
5012
9001
4086
9532
6396
4930
3816
6525
3110
2401
8097
5277
7433
4486
4864
6975
4329
5222
7043
3944
6649
6666
1028
9901
7747
8990
9611
641
9848
4793
1667
9490
3645
9919
1384
5449
9420
7480
9330
8751
479
6933
4286
1824
7143
9593
5880
9880
3370
7361
1398
3489
6147
7399
7994
7233
8253
9816
5317
7079
52
6019
6056
1077
9831
3575
4335
5765
3102
3635
4959
3874
6066
5629
9332
436
6478
4779
1332
340
8047
4380
6657
8371
572
9817
7998
7008
1662
2241
4992
7038
8962
7700
5080
6825
1090
7073
6581
1102
7386
1438
4701
9332
2556
4608
2478
4623
1251
2025
1852
8795
8553
8078
4794
401
1083
1594
5330
6038
6681
282
449
9700
9330
1579
7756
9184
8994
8144
9830
6025
4367
9247
705
1448
2110
9896
4065
2295
3961
3971
2096
7635
8275
184
5547
3547
2300
5811
5349
5977
8045
5927
6835
9064
7355
1742
6762
178
5227
7287
6277
1611
6
9552
562
9422
507
283
7167
8924
1202
4250
5197
1035
4467
3730
3423
9477
1182
7856
5329
8123
7533
2092
6754
1804
7783
160
7101
8976
6689
6583
2869
8394
888
5390
9070
6086
7309
5956
7335
535
1366
3105
7613
5613
6590
9239
7475
4756
4375
151
9535
4065
7531
3525
8075
4610
6969
7337
316
7021
4303
7491
6745
7594
7021
9437
9049
5182
1081
4777
5241
6931
8726
8422
5227
6765
6416
5175
9628
5335
8749
6680
2657
6548
2191
2176
3926
2789
9930
8737
6502
6435
9608
9005
279
5152
9171
4484
9909
4561
41
7405
713
6585
1947
9129
2605
7768
5372
9658
777
431
4552
2854
3075
5278
497
280
4666
8915
1454
2229
6355
2116
7844
1364
891
950
342
4545
2769
2722
7572
430
9755
2299
1888
7135
5470
7070
6866
8252
2052
6164
480
148
8257
96
2457
7155
7030
1575
6896
5879
6814
6810
5335
9191
8941
6753
5780
3752
5728
9249
3107
3907
4344
4947
4320
195
7056
2057
8454
8367
4457
9315
6635
4505
6577
7842
9927
526
9459
4466
5337
1467
7882
5399
5276
549
8626
8622
1888
1242
1075
5518
4220
7145
8150
6156
8068
6670
5276
4641
6270
5853
4922
632
1267
3034
2234
7374
6137
4108
7724
526
5854
3482
6031
3599
5483
522
6249
570
7643
600
2986
6202
7372
6834
1622
4294
3086
3181
5726
4191
9462
1430
2069
2477
7508
182
6360
6184
1189
2373
1418
3339
8402
3718
8369
3346
8537
4411
4538
2245
778
1439
1065
4491
9586
4786
2200
4182
1879
2351
6762
1675
9099
893
4735
9689
2252
5910
2620
4295
4695
5428
9254
7512
6199
8427
5397
6394
1301
1203
9971
754
8355
1064
6038
9852
5075
2705
9990
3356
8075
9985
1700
4591
2145
9863
4948
7151
1310
2497
4596
5211
6481
2233
2879
6095
6850
1506
1880
9802
8758
2002
9292
5079
3189
2531
8927
5298
2250
2913
2076
9990
1786
1188
9459
3415
6222
3633
7876
7356
4025
3036
1121
5625
8963
3122
5593
8267
3589
5074
3804
2065
1985
9578
6198
1701
1537
2235
2596
6071
1574
8273
4269
4827
7658
379
5777
1985
1445
8019
7904
2110
5494
6705
6024
7315
1855
6352
6178
9130
7398
2012
9993
8040
9282
3161
6407
5685
3639
3214
3553
7853
1671
1394
740
5026
9081
1691
4049
8498
96
8872
5994
4203
5577
751
748
1935
6709
7990
2101
1794
6800
7358
811
4166
4014
4939
5025
2074
2869
9071
7986
4878
5243
2691
3519
9043
8965
7497
4686
9217
721
8266
3133
2710
6079
9781
9395
2862
688
9132
3986
9316
7294
1541
2947
7036
2425
8781
7194
2052
5027
8399
99
5364
9146
1961
5758
8014
5750
1703
7102
8311
1372
8626
9369
4188
7622
8731
4200
6982
7955
2903
6988
2106
8948
3389
4441
3365
6580
6944
4802
6121
1988
3007
7379
9081
7164
7890
9963
3717
2864
7099
4740
2199
4685
6059
1685
7190
1382
2574
5824
8191
5916
7814
9359
161
7512
3749
6307
8010
2920
4010
4286
758
2793
4888
7204
6570
4117
4364
9536
9797
6495
7055
2839
7219
8409
7976
7781
2716
181
8056
9159
8555
4693
3194
1063
3864
3865
4588
1143
712
3635
6164
5393
5955
2543
7655
650
52
2367
1559
1838
6381
5377
1819
5788
2501
2730
2933
3897
7371
5622
4448
4539
782
8231
5078
1755
7400
5507
8328
866
8076
4884
8057
4480
5326
958
6462
879
3628
880
7029
1658
803
1986
2689
9136
1428
6496
2178
1179
2598
6955
8168
7689
7819
7922
9493
2939
9357
9413
3461
1084
4267
2427
9779
5392
2834
9193
5436
9997
7638
6141
1596
423
8872
1489
2258
3623
9958
6840
3838
6606
2688
9635
4865
9301
8504
5986
5204
4397
150
6106
9871
405
9922
1036
8046
9096
5620
1330
6005
2138
6919
7798
7622
4333
3732
7197
6496
1416
7663
4454
3812
7692
2852
3707
1009
609
5501
5613
4740
2509
5078
9010
117
2253
6757
5656
2573
2377
7359
1920
7499
7521
2480
4679
3115
9985
8393
1321
6063
6645
1156
4798
9947
1724
3662
6813
8881
9381
6505
6141
7970
4294
6708
3720
6319
6551
8646
9155
8598
2642
9676
5558
1621
2908
6589
147
7911
3516
8423
6379
2087
6265
7400
5457
5490
876
3581
6100
8746
2601
1537
1831
3777
9440
3911
4163
4906
6065
2619
4458
8819
3190
601
7889
9183
1998
6698
9773
6499
9850
745
2858
5460
4487
6496
7496
3396
8288
661
2565
4437
5090
8009
4554
9396
8305
7735
2826
9430
9008
3542
1035
1276
6040
7052
1917
7606
6231
2538
9021
1250
2310
1085
1179
2270
5255
674
1806
6278
9615
827
8628
4357
5955
9426
6163
7866
2111
7834
3088
4436
5821
9319
7096
3954
7170
5495
9460
1934
6094
9007
7903
4965
5814
3620
8008
3648
7295
9369
7590
8835
385
7604
7812
9196
7825
5322
2890
8946
5249
8456
924
4805
915
5145
3822
5527
7390
5374
4862
4063
1941
5129
2589
9528
9431
6461
3365
13
3180
8485
9796
610
6295
7325
8588
8962
9246
2594
3026
6254
8449
3129
9867
6545
6378
6000
4869
6414
6735
923
272
2704
3585
9105
6034
8384
9457
4697
2346
9650
239
684
6752
5505
5766
8159
7059
2797
2405
3180
7967
5055
3652
8813
5483
2092
5077
4269
5630
4701
149
2049
8666
2984
7122
3306
1927
9007
865
1450
9353
9414
1016
1915
737
8134
9325
5856
7626
6088
7506
1349
3529
9946
1523
5747
375
1837
5511
5165
4969
4155
6691
9223
4545
4340
7485
2486
461
4170
5578
6040
1759
4769
3832
6115
4338
7423
7281
9741
3286
4332
9345
6757
9112
592
9771
9619
4653
1963
8105
2977
4111
9145
2665
8230
8779
1740
9425
1484
5470
9136
2526
2556
4062
7576
780
4246
3249
4030
103
7027
1401
2447
5931
3979
8115
3491
8960
4793
2302
1578
4332
5951
8512
2502
5134
4672
7879
4183
1465
5628
6231
7652
9655
4204
9218
8602
6694
9912
7406
1008
7600
8538
7593
4994
1174
8904
5732
7026
2565
7235
9690
1033
5234
242
436
8431
4467
9005
8973
2482
722
1592
8889
978
6761
3582
1169
8631
717
6130
4837
9786
8462
1923
2734
7325
8246
9543
6883
918
636
7925
8285
1733
8743
2441
6940
104
8117
1550
2196
8269
61
7166
5703
8136
5583
1097
8513
6482
4886
7882
5171
36
1727
7114
8302
3973
2234
1469
5188
3295
8766
4728
1861
8131
5243
8914
2861
9877
7865
1936
1607
4910
5869
2230
531
3607
7896
7196
9777
255
109
5990
8188
2076
6355
9398
556
1028
392
9520
2858
9665
3176
5730
7363
5742
3973
7244
695
2415
4001
8916
2572
959
2770
6064
9378
4721
2764
472
1595
3596
3210
1010
9367
3382
6729
5572
7965
3293
2327
2052
4100
959
2060
8910
9862
4359
2932
287
6772
9357
794
8569
2487
9285
4434
6645
3313
9866
6856
6887
4270
4888
1012
1637
3547
9939
2891
8537
2315
2725
3407
5850
1444
9922
9716
8047
2431
2860
3452
3405
2695
8462
9595
4698
7510
6144
8668
5775
4893
1527
9196
6954
6615
7339
6506
7961
7360
5531
1346
2463
1148
4297
6055
8629
342
9073
1735
1567
1511
8868
9187
5777
9772
3734
5914
6597
9361
6249
132
6817
8227
7558
7817
7758
2871
6524
6815
1234
8228
8290
8365
2810
4968
7008
3270
2382
7031
9671
2736
2624
9429
3635
4909
7805
8620
2952
5957
7680
5092
3425
8485
6211
6245
5873
9647
767
2271
1853
258
2358
9879
6406
6786
2035
8484
9459
1005
5955
7823
1055
822
6400
359
3935
8378
3230
8484
2492
2242
9720
9426
7945
1354
8579
993
1261
1241
2707
5797
4455
4863
9720
4786
9108
5316
3142
6686
3141
1046
2160
842
9638
7741
8829
7576
5260
6674
7238
4701
6012
839
1202
7822
2520
2992
8631
4389
416
763
2708
2410
1491
7010
1466
521
5871
6600
2703
1660
6993
7926
4264
3369
2776
6460
5809
6217
5249
343
6255
1974
7958
1510
4596
2088
6649
8355
1239
9936
6265
7975
5587
8832
654
8295
6352
7475
8238
1503
4028
7077
4408
7235
539
5656
1935
8588
9279
7840
7666
3150
9873
697
7626
9595
3118
7720
2416
668
7271
7875
6419
4545
8066
6780
8024
1597
6183
9503
5482
8243
4474
9918
6499
5665
1198
5384
4710
2322
5553
8973
1449
3873
3438
3795
8405
5718
3787
9625
1502
4743
1498
4216
5728
646
4141
8299
4759
8096
2911
7496
3757
1847
6975
9009
9715
3083
7755
9988
5353
9606
1470
8508
8406
5347
5921
910
2032
7392
4685
9535
1462
2227
8117
5038
9466
2622
8426
3768
7494
5857
4470
9733
183
9800
5286
3187
9230
3857
8226
3060
6870
610
1620
791
6719
878
7152
5706
7997
452
9372
5390
7616
4328
9090
8663
1154
778
4086
3823
4493
7050
2302
4287
3151
2744
8598
3611
5712
3900
5722
6339
5712
1653
9960
2042
5805
4921
7208
1441
3857
6448
5031
1222
7467
5615
9352
5549
676
7434
9404
2896
2996
3976
9520
7480
5500
4976
8731
4713
6766
7449
2588
2577
8806
5327
1683
6625
3516
9571
5503
4643
5476
6021
9992
7583
1929
8318
5417
7658
9529
1936
4482
1437
3337
9868
9542
6028
5180
8507
7935
2665
3921
2163
7463
6535
3774
1773
5646
4292
3609
4936
3824
4364
8185
1911
3860
1151
9751
6522
1110
3270
6584
9026
2194
3425
9524
2157
472
3613
6941
2759
2328
9052
286
2737
1296
269
5687
1767
773
9870
7445
9771
1476
4959
8118
7735
3829
6919
8145
9400
61
7685
601
1246
6053
9301
8113
3840
4072
4142
625
3604
9105
6106
6796
4281
9861
5762
6650
6187
2739
3603
2962
3203
2281
6927
8882
7415
695
7153
6720
8497
4354
2606
4113
9408
3032
2629
9179
6483
9764
6669
5005
3073
9533
1617
7359
5613
2356
5338
9858
7187
1072
1172
1036
8259
2037
4872
2129
504
3236
5139
9954
7158
2087
6078
4610
7717
6956
5735
7235
6980
1712
4132
9235
1880
3262
9378
3303
4707
4381
6099
7127
2868
9639
6088
5142
8643
47
2083
1643
1135
5340
7485
6969
7421
2215
2430
1844
5022
3315
2122
642
365
7138
4572
5700
7507
7742
706
8327
8546
9978
3475
4536
8816
3167
5151
2450
1736
2911
2839
4306
6869
8504
5663
6238
7185
7896
2204
9818
5175
8560
6373
7016
3269
1956
5504
443
1851
2794
9971
606
1644
2902
6383
3536
6812
246
9906
5333
7386
1214
7906
3280
8935
1563
8789
2349
301
5553
8160
7432
6377
3789
7061
9337
2922
491
1752
8421
8763
7434
7699
7039
1542
808
2629
6074
9429
3016
5531
9784
4673
56
2045
8440
2628
1789
3618
5795
7409
914
6960
9875
7002
5190
7075
861
6961
872
1305
9218
3581
347
6999
9757
7893
9034
6589
9149
5865
4938
5507
3688
6489
9363
710
7172
3022
7442
3545
8829
7099
2940
6162
3246
2251
3522
8394
2966
6148
8317
1175
2588
8638
6337
2499
9656
7643
5478
2951
7489
8954
6510
3628
2712
6768
8099
6732
1142
7489
3770
2402
2221
8422
7670
9885
4382
6220
4286
303
6853
9605
6615
4404
1617
5360
5532
671
8819
2627
5324
8932
2527
286
8744
9182
6719
5464
6224
3498
6946
1289
1839
906
5722
3558
8638
6819
5266
7067
1215
8059
5665
1784
9711
9845
609
2937
782
6794
1890
1138
1519
3872
1734
3090
4354
1556
1073
5510
2986
1244
2747
166
1818
4310
6777
9008
2603
6511
4398
6605
8863
5161
6806
5775
7698
6479
3662
1586
8393
611
1173
7209
7575
6105
728
6434
3552
1954
9119
385
4021
2826
5848
9301
7989
3313
2486
9507
811
2603
1632
1335
9083
5984
4442
3479
9182
100
7831
7677
7041
4604
477
4478
1488
8141
9640
2146
1377
9420
5629
8452
8779
8918
3930
9689
9329
1592
7721
9247
8927
4080
1552
4390
8335
3398
2903
9743
4376
7490
1338
569
8622
6113
2741
8057
5373
4641
2897
5749
4536
634
1875
1285
7224
7068
2061
6762
1645
6241
2360
8000
5954
7938
6493
9737
5605
5969
2155
7844
4427
8232
3180
8016
497
9294
2025
4218
8618
9925
4027
9729
7560
6836
673
9699
843
954
2370
3943
8532
4701
7596
6084
703
1142
2862
9701
6689
2975
6894
9596
2485
8242
4735
7202
2210
8595
9624
6928
3025
9895
6290
2453
5149
568
5890
1406
8777
2470
3518
7934
2588
3858
5754
1545
5073
7197
1018
2421
5982
4087
465
8871
3892
3213
4057
3164
7147
8617
2641
8378
4879
5155
8470
4045
1882
4225
8388
4306
1622
6062
4520
5750
315
8776
7128
9132
1818
9310
899
4530
9501
3195
7292
9230
1830
4446
1437
1860
3058
6846
2118
7318
1870
2492
386
1023
2958
865
9202
735
4899
1023
7313
4254
1681
5928
3531
671
3866
9264
2002
7906
4092
130
5866
6998
7785
4069
3642
1649
5950
7798
8149
6780
8559
9256
401
6887
6812
9576
9101
9622
3606
5628
8936
9304
6478
6424
3064
2579
6692
2311
9717
579
6503
3915
1728
8117
1540
375
1977
7718
2550
5736
9899
4544
1447
8104
3392
2422
7439
8093
494
8316
5518
3199
8513
1448
9576
3402
1565
6722
6846
4529
8904
8745
2827
6235
2326
7397
2446
547
9140
9847
9600
5331
5694
4723
8660
1624
5339
1121
1593
9354
6935
5238
2073
9463
3884
8698
4784
4233
1350
6851
5416
6278
8301
3421
9700
2965
3970
4548
4932
9112
1948
9553
3000
7528
9247
1755
8291
6720
4716
4519
9284
9511
1812
6964
2591
1081
7998
805
6925
7354
5384
5066
8858
5241
8263
8037
6646
9886
2231
2195
4821
8648
2487
6064
3707
4066
6189
520
5538
5441
4026
6048
7600
68
8530
9657
6419
3044
5355
4821
3960
571
9947
4601
3939
2648
5513
4172
3827
3681
4729
4162
8939
1130
4516
8962
1638
2617
1487
2442
3218
5690
7026
4488
1795
3556
1916
1451
204
1013
8513
4247
1487
9214
2384
6668
660
262
4795
1786
5793
4843
5383
7627
6840
2019
1221
2525
2768
227
5544
5331
9885
2987
8900
259
4102
2144
4824
5364
1500
1966
531
1550
4074
9801
6062
5466
5316
952
313
5861
1572
6420
5415
7229
1722
8254
401
2649
641
8353
7526
46
3039
3037
3851
2279
108
7620
3119
1979
8181
7876
7337
7175
7806
8100
3388
315
2712
6626
5096
9834
6581
4668
457
5097
9371
9063
9214
6537
3645
6186
5348
7244
8084
4896
5798
3700
5532
3317
6219
86
9333
7895
4044
3108
4152
5644
8063
3838
5057
2903
5865
5120
2453
7337
1369
6167
5341
4681
4750
4416
1201
3278
986
3017
3163
2453
5551
3814
6837
5147
3793
5389
7502
4824
946
4892
1251
4471
8070
928
9326
3263
5975
5691
4151
2985
1898
5292
5710
9468
5478
1045
4363
5040
9546
8671
6903
817
8326
1394
5311
5142
4773
4258
7005
9813
4221
2439
8947
3463
1125
3864
12
7562
6288
3152
9134
6621
8247
4521
9134
5177
7325
4587
9622
8613
7733
6182
4269
6502
3321
1320
356
5043
1811
1242
6658
5499
4074
2580
1492
4077
6811
1418
8896
9790
2947
9016
2272
7340
8466
8569
3485
5349
2863
7951
4681
1708
1506
3638
5712
940
9265
2522
2387
8732
1288
9716
5215
4578
3185
7923
3309
133
9744
7990
4515
8710
2200
80
8723
2532
9434
9864
492
9795
2816
591
4685
4933
5107
6088
9716
2057
6210
8668
33
4304
1937
1824
3735
3840
256
3525
3255
3402
9210
9737
1924
9923
568
3277
1551
7236
2505
1212
4529
2691
9411
8528
8723
4095
8406
8582
819
9790
1258
7948
7249
7175
8718
8233
9843
6795
8315
6312
3989
7724
5891
5634
9815
2090
2797
8905
987
8582
6037
4940
7622
6205
3557
5013
3224
1996
5970
3897
1407
5371
302
8149
2722
6286
5615
2911
7841
751
9714
1871
6796
4721
9245
4654
5488
3059
7774
6230
5952
3138
3105
696
1162
7991
3297
3420
5381
8364
4956
87
8728
474
3064
9175
1231
6303
6511
2188
9866
289
1880
9746
5936
4237
3166
4215
1674
5698
1909
8281
6590
3151
6755
24
710
3888
2458
387
5961
8605
7533
9910
2309
5578
1743
848
1544
5336
6040
7585
6058
2151
4265
6569
8571
7719
3651
7534
3164
5013
3818
1408
7067
2710
9734
3968
5133
6645
8337
9574
7988
5830
4368
8764
4565
9542
1490
5082
6476
4021
9178
1175
4106
1897
9160
8194
5215
7027
9859
758
6475
4376
1853
2081
7759
7867
3830
1930
4049
4339
432
9336
8391
4792
9776
6176
1815
3866
1973
9421
5333
2128
1824
5451
462
7890
3214
4306
730
860
6913
613
9129
3688
8721
4525
1835
599
3246
2051
5931
2388
2086
4015
738
4021
4595
8030
7890
2356
9776
7994
8146
9385
5581
6583
7420
153
7012
5520
1863
143
13
5055
3283
2739
4419
2465
9296
1413
1439
393
2933
8283
5426
414
749
2447
8450
788
3793
4988
5364
4108
9239
3490
5027
1102
9652
3175
5525
9222
8805
3671
773
4731
194
7485
5616
7532
9617
502
4941
9554
2956
1787
4742
7323
3190
7980
6315
9658
8306
6219
1423
5985
9553
8828
1652
3841
2206
57
7807
6780
3614
7832
1454
6553
9557
1295
7794
1013
586
6435
4821
854
2904
248
5706
7107
6248
4356
5219
8366
7017
6195
1297
2983
6506
2611
7983
1157
5324
6422
8925
6279
7015
1443
8203
5361
101
2098
4867
8093
7338
5052
9785
6979
8251
495
5249
999
5517
2305
4068
3917
8692
4287
387
279
9047
5615
3259
7673
4091
7392
8957
9774
7932
3159
5335
8422
5123
9999
258
4939
850
3299
8270
1656
1086
5938
9726
8984
5985
5988
6791
6386
8372
8423
6179
9803
4083
8130
864
1982
1760
2354
8462
1820
7538
457
7105
2956
1766
8787
2611
7802
4328
4705
493
5594
8507
5822
3867
4692
8089
3621
4178
8752
215
810
4506
1901
9333
3152
1620
3327
4057
392
8180
3852
6103
7341
4985
4216
5371
8712
5293
1215
6259
1081
3997
7795
9777
1545
3940
7605
4676
2919
8488
2829
7526
2641
7403
7786
1046
2217
523
2123
1648
6811
9019
2110
1454
4074
3791
7704
2285
8251
6585
6822
3240
5510
4978
8058
1751
5771
9639
8394
2280
5943
9959
6192
4521
7819
8271
5479
5793
254
233
7241
5884
2288
4798
7281
1526
8409
4034
1923
2020
61
4864
6044
2350
9785
4128
9983
8199
8028
6128
3628
9050
1172
5831
2915
198
840
183
497
9455
2612
6405
6364
8927
9194
1089
2257
4485
147
9794
1020
6204
1077
5752
9420
4712
1292
6826
1109
6424
5342
3913
5690
3431
9367
5127
2076
1934
7145
8763
5452
3858
8493
7581
9984
8798
2181
2155
2561
2711
1797
9436
2940
8371
4948
4546
8559
9684
664
8641
8727
9053
5219
3383
5327
1889
8537
7726
1334
3737
7235
1733
1655
9026
1735
8446
9680
6037
8146
4356
9433
5805
5662
8310
586
3110
8753
8886
785
2231
9075
638
8714
3290
5295
7231
6103
2262
2215
5222
5045
186
5047
9568
4825
115
5299
4452
8603
8855
1966
5830
740
7778
2702
4287
1004
5243
9642
8535
3674
2012
3168
1267
7702
8874
7037
9046
9036
4004
6724
3281
5401
5519
5702
6191
559
4656
7433
1567
7282
9355
6132
5603
7033
6021
5787
1719
6030
1079
728
5671
9005
2853
6640
5242
288
1764
828
3621
5767
6386
6647
8956
2188
1706
5862
2500
6487
3413
2401
3472
5084
570
811
9715
7344
5941
2621
1217
5328
216
7192
5677
6795
7406
9297
52
6219
4713
82
8170
3301
4639
3513
6265
7948
6469
5926
5724
6373
502
4647
9961
2817
2045
2218
4782
9910
5048
6295
5056
319
7526
8210
908
7034
4042
7838
4965
3470
5026
8387
4216
4111
7204
502
6380
3519
2171
5918
9041
5942
6068
9525
8462
6520
9011
3543
7565
210
809
8799
6329
1544
887
4207
972
6562
2374
5534
9863
4887
7812
5045
939
8986
3296
6635
9939
6211
9282
1916
2120
8442
5480
6941
4663
5818
7018
7331
5268
9982
6211
6374
3460
6351
4662
8350
3475
9053
9584
6492
3175
9513
8889
5517
6956
9493
1117
9965
4475
6953
2279
194
3041
6895
9308
4732
9512
9662
9925
9507
788
1197
1953
379
4146
9575
6954
6822
7909
7791
3845
5865
6913
5928
1754
4155
4676
4826
594
4458
1280
604
8622
8493
6303
8253
1665
7984
9486
7031
8888
182
4835
7870
9559
9958
5368
523
4590
6360
3281
5963
5865
9019
7749
9186
4918
1736
2501
5639
5195
3422
7586
9492
1825
2480
4942
801
5625
4461
9938
6178
8291
3745
564
738
9162
5216
992
501
5905
9799
1953
8416
5391
9032
9525
6815
3434
1411
2561
2661
2130
3453
939
9233
3183
5402
6568
4256
3868
6809
9775
8041
1811
5371
8628
670
6276
783
5116
9444
9143
7202
1250
3802
8841
3034
465
1137
6135
5453
8599
3015
6789
4142
5447
7600
8840
3654
271
9266
1584
2225
97
2185
8026
5219
8879
1085
3214
6673
3478
5679
6052
1614
1491
9525
143
3807
7227
1346
9160
9668
1751
2736
9075
8455
4922
6237
9628
5554
796
6809
4419
942
6453
4394
659
7290
4390
3280
4382
1745
9421
2559
7061
3318
7293
7871
1714
2098
290
9031
4823
3740
8381
1127
9538
5256
7306
1598
1228
7266
6786
7097
7703
4154
7926
5521
5113
5797
5220
9914
9158
4625
2644
1483
6826
3277
2497
9885
1214
7525
8710
3773
1246
6512
2505
159
8933
821
7595
3795
2569
1750
5398
8912
4356
6217
9205
7177
5457
1588
7369
7056
1640
5943
850
8282
9507
7256
5851
231
6262
9753
1791
6720
4909
7614
5780
693
2346
1731
105
9597
6574
2035
1108
7741
3221
3325
3732
531
2251
4201
23
5442
9993
1040
963
1171
7818
1970
327
6994
5007
3111
2092
10
97
2276
8956
6935
8724
50
320
7728
5537
3530
7386
4484
2796
4553
6444
8687
3903
6100
8768
7434
3830
729
8580
7442
8886
8524
2498
7016
4293
3731
1598
9836
8946
9950
846
6004
1149
1559
380
5754
3072
8493
7699
9476
9341
4376
7953
1004
305
7914
5422
5411
6011
5754
2470
3784
9764
9190
7739
6032
1889
9237
6514
386
7862
2129
9605
3406
1102
1673
9069
4581
8838
9315
2102
6621
256
1367
9776
9339
6117
3428
5505
7345
4122
6559
4852
9657
9288
5170
2446
8141
8300
7414
1939
2480
6383
6676
4833
8305
1030
1783
9416
1058
4618
4997
4635
2103
7250
7103
4461
5137
3318
225
7302
3628
9448
6103
8657
1080
6371
6523
7364
1455
9215
8553
5919
3741
6486
9770
4762
8153
358
9919
4840
2537
3552
4417
1735
718
5390
3525
5713
8981
7327
9853
8628
1219
9082
5580
1497
3228
6757
2445
1062
3292
2591
2069
6733
3039
4087
80
4804
1392
1085
9715
3468
6945
3371
112
6291
8721
1903
7183
456
1228
1786
3355
6650
1081
2465
1326
920
594
2740
5604
3778
1438
6572
6551
5825
986
4133
3684
6223
5130
3591
4427
333
532
7104
2827
3997
4214
2573
4513
2041
8643
7912
3393
9875
7936
7603
9623
7600
7649
9852
1894
4186
7578
8213
2706
5000
8684
7450
7387
6871
8715
2937
320
4861
8804
2954
7961
1833
5494
8175
1742
1882
2597
469
2541
8106
862
3145
5883
710
27
1557
9103
2068
3373
2766
1180
4627
229
5046
5019
7558
7388
9331
4361
2932
7171
9065
4120
3153
1825
3398
5655
6094
4778
9069
4708
6884
3051
134
3745
3780
9160
2789
2115
6017
154
1036
9988
4100
9585
2785
2751
1098
3404
2810
7369
2808
10
5047
8640
3015
4852
1469
5355
8633
8086
5684
1155
2276
5815
4897
5496
604
9679
792
3913
8404
535
3540
3907
2367
7494
5741
3093
7922
2343
1680
4554
8719
541
9153
9429
8841
8371
4341
6012
5854
469
8928
3006
9025
2642
7531
8413
2525
7393
1370
5129
5650
2088
6143
8804
6637
2450
1345
5475
8636
3887
6194
4201
4108
5410
8665
45
2362
1304
1176
85
7970
580
3604
8774
8214
9848
3381
6470
6796
8254
1077
1726
731
1630
6017
4884
7934
5059
747
3119
307
7483
4164
8399
4098
9341
4408
3391
7732
6855
7774
6053
4346
6696
3331
9618
5610
3190
2556
4983
4099
401
7621
2442
3313
5280
7089
6478
5570
7938
5758
8140
5411
9986
9430
9022
1171
4738
2499
4183
7502
2953
1606
8931
8758
7927
9567
3372
6245
2201
8289
8848
1127
4724
4692
385
3636
3135
6623
4933
8437
1156
4127
7477
2623
8203
5368
9108
5295
3802
6786
6588
4154
9516
4931
8837
7904
3151
6567
7220
6416
6404
5129
265
3125
1826
9364
4256
8783
1821
8090
5586
8211
881
1707
1007
8805
8623
3399
9516
278
7074
5506
5250
7011
8984
390
624
5039
9745
249
8367
3712
2936
4024
4085
6857
5117
5338
4630
6493
1946
4082
8481
5124
5422
4851
8080
4529
3910
7902
9093
5939
1987
2036
3166
2527
3602
7044
1213
9063
9004
3809
1417
268
5176
1181
1252
4414
5624
3762
192
1090
6324
9643
9095
3054
7740
1150
849
8270
5285
4648
2684
920
5201
1502
7891
5064
5824
6178
9064
345
2992
8551
7138
9758
7406
9412
7061
9345
4330
1775
2581
3034
4997
2431
6082
7156
8237
5328
2895
5283
9179
264
556
1550
9767
1144
6219
9685
4092
4798
3382
5647
9034
5451
6213
9132
1841
4936
4490
2735
9658
4067
5265
8748
520
8518
8168
3789
4985
9162
1129
4308
8652
7896
5814
5092
7848
4657
5288
9373
9699
124
1971
1383
4133
846
7520
8169
6624
4846
4876
8708
7390
8247
2651
9110
5003
3033
4985
5068
4326
9730
7148
8283
2825
2095
9500
1990
2259
4930
9412
3739
1620
4597
8948
9602
1410
4467
2828
9293
9293
1754
6918
7835
5309
1395
9532
4413
2817
6345
4736
2516
6365
738
6810
7393
3642
6536
1965
7718
1722
3277
136
2496
1868
2622
4190
4774
5644
6948
8693
9810
7035
288
3650
8015
5114
6613
8349
5979
8414
5496
5190
3101
6429
5587
7766
8922
7017
6414
1513
8038
936
9387
1176
4255
4016
3471
5730
8482
8969
734
7771
6597
401
6576
6398
6406
8981
8862
4956
7246
3910
1739
4247
5809
7355
1873
6605
9470
8748
1426
7810
9331
4330
3985
2545
9909
6974
4838
4679
3812
3522
8967
5758
1022
7427
1129
326
3332
3104
7012
2885
8155
8007
9466
5934
8950
5419
1076
8685
991
6466
5896
7734
8641
1698
7373
863
9227
4943
8095
5588
1666
5095
5363
2777
6842
7772
8487
995
9316
6286
8394
2649
8162
3293
691
5710
4721
625
1435
8990
4892
3249
9437
6163
8097
1540
9506
8168
5596
2033
2194
5026
8740
5462
3317
4072
3233
7569
7378
5677
5307
8525
7727
1509
9488
6372
9443
6247
459
5421
7121
6570
7489
5682
4244
577
1089
6633
8612
6777
455
9575
1960
4450
2958
1265
187
5115
3026
5888
2032
7543
8612
1678
6634
7417
9559
1169
6479
8183
5785
8769
569
4906
5753
8544
1695
5651
9589
314
8137
9469
126
90
9268
63
1406
7637
9231
2517
5684
4687
8632
2692
4653
8960
742
8938
8415
3517
87
3661
7262
6795
4437
3232
1947
5388
9009
1129
7333
3602
7606
6907
6385
3116
9644
674
4697
5491
4920
5666
962
3302
4169
7133
611
5864
5064
6742
7611
1596
911
2408
1546
6836
1861
6547
4458
3685
8042
3282
1581
7886
6935
766
5735
7983
2114
9765
9196
8885
8451
9477
9298
1261
387
2963
7591
5241
7611
8391
2223
4477
5774
4497
511
4576
7336
9368
7441
8870
3034
1739
5511
8323
717
4129
4813
7325
3788
9723
5878
2375
5433
1023
3310
9258
7205
352
220
6371
4755
5577
1655
3397
3904
3130
1716
7678
7077
1387
6842
629
3202
128
6784
480
726
5373
263
5126
7130
6745
7976
4864
2403
600
8806
8039
5433
2997
8987
7774
4466
7366
6180
4250
4999
9661
4405
1951
8344
7876
9090
5737
8408
7784
2658
3509
4021
6320
126
1371
1049
8343
2514
9694
6624
6052
9718
5572
926
6433
4210
2067
6052
1426
961
1721
8087
7350
1647
7602
4280
767
9206
4519
4136
1304
5696
4448
9790
6878
9422
7541
8320
1835
5450
382
3081
2468
8246
1468
4635
477
7614
5742
9770
7477
4614
6041
4798
1876
7087
1604
9616
381
214
1497
8358
8782
7125
2167
8696
9141
7852
5369
8240
9904
3147
1363
2390
2685
426
8374
170
6304
8295
829
7125
3771
5760
9575
1046
4946
2809
8199
4492
9639
7691
1985
8218
1329
5316
6826
3704
3357
1247
2549
7062
6457
202
1128
9532
4268
3710
1664
6346
4491
2705
1320
6710
6084
3443
700
3917
9733
6748
2093
4231
8466
404
1
7826
4191
8612
9673
3646
1551
3885
3081
2506
9454
8944
1648
6174
5170
5673
5410
1972
9127
3704
7642
8916
3130
2016
7117
1129
9958
2936
9485
917
4633
7971
3584
2127
8113
5567
2838
8287
894
4413
3825
1904
4511
8325
4450
6743
6640
6657
5090
3248
1368
3568
8480
9918
7411
3473
3501
6403
8197
3135
2396
5696
4457
3461
9907
8917
7481
6521
227
9932
6932
4087
4594
939
5568
8956
2476
396
3030
3105
5583
812
6645
8392
5899
1087
7102
8037
3052
8080
1648
9178
3979
5229
4481
2506
1127
6254
653
103
7335
9841
8368
8103
1678
9535
3389
4445
8790
758
8993
9234
6197
5280
6874
4852
9607
420
2849
9519
7247
6749
5388
3534
5653
6925
6809
4310
80
9589
567
1997
9259
5860
7620
7446
5498
2106
7924
8009
6522
1873
6077
3809
9234
7136
2621
714
5894
4724
9996
2804
7139
9026
8081
8030
6238
4291
177
360
2857
3367
4233
406
5155
9674
2041
8858
9040
108
7797
3970
327
1016
41
8810
7861
2667
3713
298
5162
7953
8422
8619
3898
4260
276
384
2385
4366
633
956
2900
1470
4130
6011
1488
5374
4990
7872
7351
8377
9172
3649
5319
2451
6608
9753
6347
32
9478
789
2928
9769
411
352
8047
7389
3829
5090
6667
1464
6852
5990
437
5385
3835
5214
5589
6780
2541
3027
1348
913
11
9845
9088
7793
3290
4270
537
6954
3233
913
7803
2208
1834
2292
3764
6443
3656
3016
1263
8551
2352
2983
6769
5957
5201
1170
7569
9594
5228
6883
4705
3947
1816
3217
871
2365
1540
7561
4966
1144
7018
9277
5186
8567
2801
7668
2386
9889
2179
4224
7195
6481
3053
1705
5823
1816
2573
2834
6726
7409
897
1676
4192
1489
4916
6878
8771
6207
6497
1515
2455
746
2735
1746
4405
5434
9082
4661
7709
4415
5081
4170
3208
2156
5741
849
752
5361
3471
5498
418
9596
7094
2485
4428
6058
9114
3440
7205
3717
5416
684
5142
4071
1782
1067
1878
504
6320
1901
829
9728
8794
7331
3017
8852
6285
311
5815
759
6268
2452
827
6544
2838
3459
9892
7401
8588
9796
1291
6848
7986
6801
7389
4667
6996
8699
275
7148
3212
1341
1556
4549
7806
5552
321
2866
2751
9980
8291
8209
1126
9468
4111
9542
3724
2716
1191
727
3710
6249
5812
305
2402
672
8344
6979
2842
1938
4978
9846
3842
5945
522
1995
695
254
9754
7845
9532
492
7964
8672
5989
6055
5784
7612
2347
2658
9972
3266
4761
5403
8052
7879
7304
7775
3689
7350
7026
6622
7237
793
6248
9423
2163
6592
9480
9143
2693
7801
5979
9246
6800
2498
1746
1799
3625
4349
928
6272
3
487
3645
9652
2788
2214
3947
5691
3560
3450
7062
215
97
1197
1410
9385
5752
4837
4424
2070
7780
2929
9818
8126
6628
7910
6427
3688
9249
8782
2181
7232
2628
5449
1202
6765
6923
1173
8471
728
1755
8017
6348
3803
2519
4467
5299
684
879
1852
7405
9523
6465
5823
8599
3841
4078
8689
3022
3910
7264
2666
8859
9342
5866
5575
500
3905
7489
1545
5282
3204
4304
3128
8855
7066
5196
1504
8005
4553
9787
3667
7606
7323
1894
3638
2985
7668
4818
4978
5716
5180
8141
3281
9002
9121
1569
4952
9771
7534
8297
1197
1149
4812
2312
9098
6661
1350
4941
8974
605
394
3379
6886
4088
62
7367
6073
6022
1539
8590
9382
2835
4060
5588
5533
8743
4444
6243
8901
331
6602
8445
3431
4612
8767
1725
4119
4180
4042
2175
9550
6382
9723
458
2922
6785
5618
7692
3942
7763
6059
7348
1822
6887
4265
2960
581
5842
1099
8863
7256
7216
2134
2488
751
7123
415
7517
2087
9027
5023
5349
5603
1658
2663
4304
6546
3695
1355
9696
7289
9744
8529
3336
8649
9733
982
7173
8040
7203
6084
730
1636
5036
6229
3927
8596
5556
3781
3101
9062
72
4092
8183
3843
3124
392
9578
551
8409
9075
6885
3114
3119
8711
684
2376
8519
2622
9536
1239
4628
7093
8775
7436
9820
5169
230
6534
5988
7886
2337
3808
6486
4277
5783
857
4851
9329
2135
2678
8817
8133
4552
5670
1325
8339
2405
5550
8372
193
7666
5987
8838
3771
5590
8444
9172
7807
6291
7682
5833
5889
5321
5452
5611
712
7066
7400
8948
5639
8818
2513
1880
1986
5597
7141
619
7224
742
2018
6898
5481
5935
9906
4563
1684
1205
6005
2962
9790
4521
3747
4487
1571
7522
7539
8837
681
984
8391
4699
1557
9
7479
6156
1400
2421
6572
7998
5966
8512
9863
8304
5878
8421
3109
7362
5990
2980
3087
5396
8534
5631
1350
5047
8676
8260
8372
6589
5236
9485
9712
3186
4601
6054
8950
7351
3791
5682
8504
7816
4760
2819
416
6815
360
7048
6510
5092
3376
1539
5331
9880
8380
3158
4064
5485
8221
7209
4731
2914
6489
5997
2296
4220
6199
6065
2568
1328
5363
2866
1211
7043
2827
7052
4032
9706
2049
3318
6175
7726
8082
2502
4199
8118
8744
7337
3609
9776
4362
5509
5614
5965
2984
3664
3691
8795
5179
341
5331
9319
5066
3401
5637
3313
7670
8090
1346
9219
2306
4394
3879
8386
3327
6237
1875
7816
9322
1387
2435
6916
1663
3606
9982
2683
1953
7535
8917
1055
7207
8816
8553
6432
1991
6407
2006
5757
182
1561
8715
5584
8664
2459
4154
33
4114
4631
4521
6100
1170
6451
2113
2794
7961
5042
8006
9084
4300
4187
1292
2351
3288
112
9978
3569
5617
5713
9295
9634
9688
6682
6846
2460
8005
7887
5876
4267
8798
2347
2439
249
2708
3904
6807
7353
7749
8234
7836
1134
5226
7185
3051
6348
2311
1940
3348
1471
3780
8676
745
4597
1068
3890
2161
2262
8755
1496
4079
6508
1328
4440
5420
8892
8610
7824
974
3997
3928
2306
909
7492
5970
517
7820
145
1988
7633
6215
7967
8728
2835
7915
1779
1561
4256
6796
4041
5620
2023
2520
8661
8817
7098
4366
9893
1465
3604
5073
2839
2751
5594
7764
7456
6973
6032
4239
9791
7287
6357
2644
3568
5282
5904
1874
9114
7981
2565
7100
6340
1278
8202
2397
6278
172
791
3450
7184
3094
5758
6813
2049
7302
8760
9557
3927
8876
8382
26
9924
9837
4334
983
3323
4110
7909
5050
4079
3768
3701
90
9280
5955
2931
2110
5168
8083
2279
8326
4034
9402
9863
4674
4927
3669
975
4435
90
5804
3992
5702
9769
958
6705
4846
3192
6939
943
6356
2282
1046
4951
6965
1841
856
2640
4254
8521
6810
9412
9613
2785
8910
5994
8409
3261
4001
9880
285
2513
4586
7654
1704
651
7182
5735
3044
3349
3972
77
7122
4028
7631
2359
1280
7960
9124
255
2623
2199
9743
1928
7411
375
91
8699
6517
4622
2461
4917
7651
9381
7054
7979
2481
5121
1240
1858
7880
5689
7240
3417
4720
8045
4802
8227
8445
1874
5080
245
9517
4983
519
5379
6182
159
6005
359
2845
259
3655
1107
7583
8731
8562
4371
4443
931
6019
7356
7785
1293
79
384
6621
8055
4035
1306
5107
7660
7001
2900
6331
9660
6853
9036
1638
3284
7496
3807
829
6301
5709
2007
3852
9854
6947
3103
7387
8725
9947
6475
513
5560
9184
103
7026
824
6510
1249
7578
2669
7345
4382
3157
4991
967
1966
4780
3129
1687
6259
3819
1378
4768
8666
1648
3078
2492
7074
1398
7804
5943
2179
3047
3509
3617
7441
5637
1002
7358
7112
5330
1554
4174
8212
8872
4825
7716
4305
5724
7499
5846
4926
4614
1022
7411
3333
8755
2182
1528
9655
2754
2296
1266
9815
669
5519
2343
6948
3789
5084
243
1271
3786
248
2537
7627
8049
1686
3484
7915
6689
4775
9860
9838
8380
2771
6280
1696
5039
5268
900
4598
5683
8034
4191
2146
2274
4584
9918
5493
8045
4687
9673
5801
7440
3074
9371
5183
160
8083
1505
6633
7423
1065
1995
4171
2912
2138
6874
8578
2905
2900
6534
9961
3839
330
304
6304
8694
5181
5519
2854
7537
2108
40
4235
2422
7804
500
8831
2334
8875
1131
7652
1665
8092
5235
6166
5543
5085
2128
7272
6759
6242
3494
2189
4789
5550
1273
5796
8013
4791
4242
7723
9300
9434
9036
8421
6110
4336
3561
2955
299
2799
9074
1288
1183
1756
4638
5619
3154
6164
4323
9786
1979
9861
4067
9262
441
9447
2154
6089
7393
7941
2835
3308
4826
1162
759
530
9669
3643
4890
4985
8181
3301
1636
9346
1218
9772
9845
4828
4424
8760
828
5743
1532
2674
7907
9401
9361
6246
6007
4494
8554
8059
5776
9662
7920
3311
3614
3177
6517
2547
983
8790
6145
3964
6411
8792
133
1974
8776
4376
2488
9806
6690
8357
7260
2067
2996
7596
9014
761
8820
522
1979
720
4493
5843
1023
2936
5200
4755
1531
4688
3291
5001
4996
4319
2710
1491
9760
876
5770
9547
7680
6746
6384
5179
2689
443
9066
487
251
4522
823
5263
4785
3895
3691
3797
4889
6667
8927
3061
6253
2284
526
1625
4712
7013
3731
7398
68
8786
8405
3112
5
2312
3555
6454
2211
5612
7098
6981
8230
4887
8755
4941
5010
7567
4669
3690
3048
6820
3793
7728
3450
834
4893
6014
9629
2117
9849
9303
9943
4045
4231
2724
9780
500
6740
4478
3576
8347
2810
1863
3038
1358
5243
7610
6191
2166
6495
3976
4807
8590
927
8738
1638
2236
6446
3909
8251
6458
308
1098
8435
1765
7122
4051
794
9605
3790
2741
1499
5386
2359
8440
2031
9471
4292
9014
3214
824
3502
8817
6817
926
9800
7813
8496
4812
468
6449
9153
6667
9905
9925
7337
6484
1031
100
6396
4664
7806
8372
9953
9841
3778
6462
2409
922
5722
738
7249
2549
9263
8637
8315
2640
8285
463
8965
9678
5342
7327
7051
8820
9817
2822
9848
6319
1853
1734
136
4662
8063
2034
1041
6526
6821
8884
1635
514
2749
5569
1643
2439
5235
9486
9547
65
354
3038
1721
1886
7713
8883
798
5712
4524
1200
8419
81
5504
5398
1290
7656
1216
8832
170
1824
461
6467
3432
3059
9612
6073
1190
3640
5827
5544
243
4838
6530
8170
4709
8138
5509
205
1264
6157
3762
5303
9424
6824
3984
2034
2787
5161
9032
5036
432
8489
5939
1512
8978
7267
865
619
5264
1863
6568
3763
4496
7062
1265
9073
1848
5588
976
7735
5513
2287
1462
3772
9838
7327
40
6659
9694
5569
1862
4300
4542
4180
3327
2979
6796
6554
9201
2781
9900
6274
9740
8512
741
3246
536
6296
182
2179
3619
8593
7225
4976
9953
8008
1920
6077
6491
3778
6751
5619
5077
7790
3439
7451
410
292
1539
4475
2880
8613
6822
2855
2506
4144
2207
1283
3162
5794
3475
1189
6269
6533
807
3640
9145
7891
3776
9277
8702
9574
10000
9684
6311
7419
2128
3032
223
8875
6878
6347
4108
2113
1601
5575
6518
6462
3448
5725
3316
823
5765
4395
3797
9215
3374
4520
8637
4333
8350
7015
626
2666
6868
7027
1549
245
5307
2348
2671
6159
2945
4845
3539
5929
6832
6809
7205
677
3371
5985
9548
6475
3302
8927
7648
7794
969
4859
9720
6186
7174
3797
1041
5861
8105
1726
6921
1796
4843
1852
9502
6267
4787
5035
2104
4093
3074
9898
7414
2863
6550
6109
7964
9941
5974
8468
7151
8549
656
5977
6930
9616
8180
9932
4703
5063
9578
5570
45
9202
1398
6923
7363
4842
8005
2186
6494
5307
3871
3813
8685
2192
1985
7908
4436
7360
5300
8023
9297
8486
848
4800
4181
8681
7573
121
397
7108
2646
3152
203
2670
7811
6587
3064
8405
6196
5872
536
1772
5063
4810
7404
7214
9528
311
9125
7153
2651
5390
8773
1937
6883
3193
5198
2872
5498
851
3411
9080
8422
9345
7145
9888
3845
4084
9093
9300
2952
8857
3852
886
9938
7527
9647
8178
4370
9332
600
5981
3212
3193
8992
6626
2161
8398
5938
3105
8672
4453
5011
1272
8865
4053
8906
3047
1193
4505
6689
3691
902
6513
6707
4815
2215
4624
8934
7506
1940
4831
5724
2385
719
6018
751
894
5166
7267
1076
2843
6511
3425
7267
5012
9936
1149
3064
4897
1683
6723
259
2928
198
7976
2564
5623
6534
8116
3137
1039
6073
9207
9604
3822
4772
9800
1248
9325
3258
8731
4075
6532
6354
255
6886
50
3489
5651
1068
4244
4602
4202
5336
908
4287
4168
8849
2504
6702
5681
5177
9086
6697
4925
7712
7667
7144
4704
4928
9632
5816
9321
7930
7482
2243
3816
6757
7937
5964
9889
3458
611
2624
198
8195
4001
1102
8232
7359
5507
8812
6872
5350
1361
2460
9764
4302
6705
8829
3558
8175
4691
5454
4176
6913
1380
4706
736
9331
8821
8708
5475
3981
1564
813
8293
990
1485
7565
3559
1922
2997
2002
9360
6417
8448
8161
4015
636
860
5777
3058
5053
2686
7801
1984
1984
8318
1846
571
9393
5992
4177
6643
2534
3209
532
1330
4935
4036
1038
1655
5606
5042
1700
2740
5865
6998
8533
6755
4149
8923
2741
807
9518
8852
7607
6189
7971
7494
5114
1504
8385
1383
94
1415
690
810
6124
9886
9137
8434
3591
4510
4170
2944
5049
3126
6256
5304
3872
6582
1712
7718
205
9525
7344
8943
3194
6808
6079
8498
3883
9688
1869
8977
2482
6853
9991
8088
628
2628
136
4468
2667
2101
4743
9377
7034
9743
8520
9231
6366
9372
2176
2746
9195
5978
4974
4156
7546
5154
5978
2678
3424
4584
3142
6956
4949
1466
1776
663
4412
6690
5971
5624
6832
6824
3551
6487
3594
8103
8211
787
2978
9848
8889
4548
7243
3058
2362
606
5528
1739
2682
5220
8831
6761
1807
7530
5970
5012
4974
7522
7892
9147
7011
294
1222
1803
7681
5558
3586
5887
1715
5613
6176
4517
5597
5076
8830
4743
6718
5538
3193
1198
9789
5352
4276
7266
9604
1709
4060
1948
4626
2037
5990
235
3612
3649
7133
5705
8477
6429
3407
7003
5650
1968
6547
3230
9721
5422
9277
5374
837
7539
9281
8663
962
4547
9507
5173
2613
8691
2100
611
6919
7679
8381
2896
9597
7153
9126
4932
2932
5444
8526
508
9638
7911
5159
1341
9714
3023
8823
7878
4415
3126
3234
3956
9069
3611
9733
5516
3317
6325
716
63
9708
8502
3870
3705
2845
4426
7755
7938
2227
4135
2504
5789
7111
2102
1629
5120
262
3333
6396
6973
2427
4641
3112
960
7467
1507
9894
8219
2334
4107
4293
2602
7261
9550
6655
6159
2616
3077
6558
9442
3505
773
1578
7185
733
7028
1469
7985
3928
2336
5497
255
3266
1045
5564
10000
6587
1040
1778
7010
5887
6835
1665
26
5150
2957
4190
1159
696
4270
3125
5314
1099
1514
5288
7104
9280
2994
2524
1585
2044
1182
7787
4357
7925
5834
4278
8127
9154
5985
6100
4667
9366
9564
1914
9306
4062
1791
5910
7642
3658
4969
2001
2168
7917
1678
9639
9697
5406
8948
3273
3479
100
9474
2128
9106
6007
1501
6738
8918
6772
1079
1201
9209
2637
1255
6162
3383
1247
6935
920
3537
6872
2791
8654
7457
5217
7176
2509
255
5517
377
2098
3989
5906
646
7118
18
8369
4873
3349
6070
1842
3836
5767
4386
387
8672
888
4113
8024
1591
5008
3987
4306
9378
8330
7586
7638
1890
6602
5133
6838
7532
9306
4559
8455
8501
7955
851
6441
1070
295
2026
5123
7188
6475
3713
7648
5773
8093
4162
5906
2999
9793
6212
2723
9161
1937
98
44
1220
2714
4834
8747
6054
9944
4916
7917
7948
2694
557
6790
2817
9127
1815
8045
8484
5148
4223
1322
5569
5735
4786
6800
2031
3696
2888
3721
3798
456
6235
9242
318
1482
1182
744
1391
5470
4635
2846
6334
3762
4356
3810
9347
7974
4370
6577
1715
5391
350
9212
4003
8102
6676
4820
9233
1435
8917
6099
9215
1176
7191
559
4016
7554
8613
3909
6442
7019
3785
2380
7821
1319
3533
9002
4340
1331
419
2845
4877
4500
7981
4357
420
1658
842
5227
9603
9167
7708
3865
2717
65
4780
4808
1576
7826
615
4126
3406
6866
8957
121
5964
5014
6047
9644
915
2594
5768
8532
9437
6309
7673
3356
9795
3742
6707
8903
1774
6768
8688
2271
4659
6581
5863
4037
1722
3093
7605
8686
8036
3442
8814
3908
7361
6203
5399
9580
293
5325
7636
5764
9147
9125
6944
1300
3117
2696
989
301
8162
2546
3183
3999
3057
3659
2794
8857
2020
7966
9455
2349
5529
1637
1410
5794
2338
2044
342
7877
4622
1218
1346
1799
8553
437
2144
6359
1370
6959
9073
2132
7449
5592
2668
4968
7188
8650
3018
8113
920
5803
2589
9788
1997
4061
1603
6330
6286
4197
2211
1732
9912
8777
4165
902
7486
6032
2938
5175
74
3579
4310
4520
4948
4477
8659
6297
9717
6527
8644
7619
653
801
9731
7342
8979
4369
1147
8871
6897
5343
8895
7034
3258
8916
3096
5389
1836
8464
9274
3618
3596
545
8310
4792
6071
8525
9952
6778
4045
8658
9520
9931
6738
890
6269
2224
3794
5038
5865
4024
6403
1697
7854
7253
8142
4424
4811
8453
3756
9725
3936
7526
3528
6652
4088
4822
3640
9208
9618
9575
4503
3718
6130
3870
5536
5663
3007
4102
1067
1586
3322
5537
3965
6852
9893
3382
2997
6083
127
6443
398
4818
998
5255
9746
443
2827
3781
4940
8823
9689
4581
4104
2127
8440
1579
4646
8954
5826
1379
3374
1549
9840
1972
1960
7823
326
3064
9152
1366
4461
9120
3457
5746
4000
1708
101
5997
5403
9875
6759
4521
2143
6351
9198
6473
70
2999
1129
7704
2181
5238
8081
4883
5008
5756
2369
4689
4877
7137
6604
775
690
6692
2096
7997
3503
5889
5335
6500
3805
1483
4271
8336
9290
7493
5130
1312
1639
6117
8855
1435
7422
8033
2911
1113
5514
3898
4794
3341
3360
5321
3525
2483
5068
7027
5278
4535
4255
3118
7618
9353
7673
9139
4161
2988
8959
3094
1478
2109
3508
8857
18
9671
2835
3931
9913
4587
5621
5674
383
1264
1660
9404
5792
5804
7805
1590
2071
9810
672
8940
1298
3241
1882
4392
5651
7328
5665
2897
8531
3491
483
2382
7939
3536
9128
3255
391
5485
9575
1621
2183
9692
9702
6909
3178
8480
6507
4242
3821
1234
976
4691
3615
5766
8223
4186
374
8811
577
7863
2482
5816
4809
2605
6781
6920
5930
5619
6255
2046
3031
7539
6611
9011
3341
2613
9393
7269
4533
7575
7649
9183
1902
634
5574
1756
8803
2178
556
6056
1870
3790
8567
2799
2367
1400
6099
1557
1002
9889
5142
3307
6631
7198
5700
4220
6391
9693
8035
2130
3009
8720
4060
6852
333
2483
7176
2472
3301
8572
5847
5720
395
7867
1427
2460
925
6391
5868
3747
1955
760
9779
311
9252
6468
4518
6124
3244
6890
7344
3550
4056
6663
2326
6298
1745
9730
4261
8080
8329
5565
7112
4584
2305
1357
5207
4759
331
47
1514
5570
264
6069
4264
7502
8190
2729
4091
2590
6285
817
4776
730
6253
2700
6658
5681
9701
7658
5742
4928
7147
5177
3443
4249
5546
646
1855
8774
2464
3357
4997
689
76
9431
978
6041
5683
2964
9338
4850
8825
4097
5524
8755
6763
8180
306
4341
2986
9399
2405
1894
3584
3927
1834
7747
3583
10
5061
761
9346
7065
7934
662
2179
1462
8110
668
5442
7381
9332
873
9642
1703
3319
4712
6657
2448
1720
2333
766
8080
3078
3710
1792
9428
7212
1891
6354
9460
5786
2137
5701
8303
480
7871
7267
6559
644
1676
3419
1521
7919
1971
4907
9016
6820
7369
8834
976
7904
4285
9782
4624
6951
7177
2812
5446
7152
4994
9551
4665
4025
